3.368030000000000257e+01 2.156769999999999850e-06 5.010289999999999663e-09
4.245060000000000144e+01 1.013499999999999910e-06 1.417060000000000068e-09
5.350469999999999970e+01 4.714549999999999822e-07 1.088800000000000004e-09
6.743739999999999668e+01 2.358470000000000075e-07 5.567910000000000059e-10
8.499809999999999377e+01 1.159889999999999939e-07 4.060949999999999816e-10
1.071320000000000050e+02 8.310559999999999475e-08 2.099380000000000096e-10
1.350289999999999964e+02 6.102169999999999908e-08 1.869980000000000092e-10
1.701899999999999977e+02 3.680250000000000149e-08 8.630800000000000584e-11
2.145080000000000098e+02 2.279039999999999939e-08 7.526810000000000398e-11
2.703650000000000091e+02 1.370949999999999945e-08 3.266489999999999827e-11
3.407690000000000055e+02 8.265100000000000338e-09 2.381539999999999887e-11
4.295049999999999955e+02 4.899129999999999811e-09 1.338660000000000033e-11
5.413479999999999563e+02 2.875559999999999942e-09 9.473739999999999575e-12
6.823150000000000546e+02 1.625890000000000059e-09 6.190220000000000254e-12
8.599900000000000091e+02 9.248800000000000156e-10 3.961609999999999717e-12
1.083930000000000064e+03 5.253100000000000192e-10 2.827909999999999812e-12
1.366190000000000055e+03 2.962919999999999835e-10 1.632789999999999952e-12
1.721940000000000055e+03 1.654200000000000088e-10 1.248200000000000073e-12
2.170340000000000146e+03 9.529359999999999857e-11 6.697139999999999673e-13
2.735489999999999782e+03 5.504619999999999702e-11 5.640329999999999858e-13
3.447809999999999945e+03 3.308889999999999727e-11 2.848729999999999919e-13
4.345619999999999891e+03 1.985620000000000015e-11 2.603029999999999764e-13
5.477229999999999563e+03 1.206800000000000068e-11 1.290590000000000108e-13
6.903500000000000000e+03 7.356960000000000592e-12 1.199420000000000104e-13
8.701170000000000073e+03 4.293509999999999948e-12 6.155140000000000064e-14
1.096700000000000000e+04 2.525559999999999994e-12 5.129960000000000236e-14
1.382270000000000073e+04 1.474930000000000057e-12 2.608300000000000041e-14
1.742220000000000073e+04 8.642450000000000196e-13 2.282999999999999902e-14
2.195890000000000146e+04 4.996240000000000327e-13 1.117090000000000014e-14
2.767700000000000000e+04 2.904760000000000034e-13 8.976000000000000704e-15
3.488409999999999854e+04 1.644850000000000054e-13 5.462000000000000007e-15
4.396800000000000000e+04 9.005059999999999799e-14 3.285089999999999902e-15
5.541719999999999709e+04 5.028119999999999986e-14 2.786569999999999840e-15
6.984789999999999418e+04 2.561729999999999917e-14 1.349259999999999959e-15
8.803630000000000291e+04 1.337329999999999980e-14 1.132599999999999905e-15
1.109610000000000000e+05 6.641220000000000264e-15 5.863360000000000084e-16
1.398550000000000000e+05 3.244360000000000125e-15 3.893930000000000049e-16
1.762730000000000000e+05 1.622720000000000068e-15 2.906330000000000034e-16
2.221750000000000000e+05 7.015009999999999776e-16 1.522319999999999955e-16
2.800290000000000000e+05 2.912629999999999762e-16 1.034510000000000021e-16
3.529490000000000000e+05 1.219599999999999889e-16 6.532319999999999766e-17
4.448570000000000000e+05 5.097690000000000182e-17 3.708649999999999753e-17
5.606980000000000000e+05 2.131539999999999984e-17 1.969049999999999857e-17
7.067040000000000000e+05 8.912110000000000259e-18 1.000020000000000014e-17
8.907290000000000000e+05 3.726260000000000231e-18 4.924440000000000276e-18
1.000000000000000000e+06 2.409450487333703852e-18 0.000000000000000000e+00
2.000000000000000000e+06 1.768714400499749204e-19 0.000000000000000000e+00
3.000000000000000000e+06 3.838468433457482513e-20 0.000000000000000000e+00
