3.368030000000000257e+01 1.399969999999999956e-06 4.454409999999999717e-09
4.245060000000000144e+01 7.014950000000000489e-07 1.339789999999999982e-09
5.350469999999999970e+01 3.465649999999999802e-07 1.025929999999999992e-09
6.743739999999999668e+01 1.890230000000000112e-07 5.530450000000000274e-10
8.499809999999999377e+01 1.060359999999999974e-07 4.215340000000000252e-10
1.071320000000000050e+02 7.264369999999999555e-08 2.104179999999999914e-10
1.350289999999999964e+02 5.060759999999999717e-08 1.817670000000000093e-10
1.701899999999999977e+02 3.122290000000000227e-08 8.502140000000000121e-11
2.145080000000000098e+02 1.960430000000000105e-08 7.461520000000000461e-11
2.703650000000000091e+02 1.186989999999999930e-08 3.146690000000000277e-11
3.407690000000000055e+02 7.242399999999999723e-09 2.271240000000000084e-11
4.295049999999999955e+02 4.469929999999999680e-09 1.282029999999999940e-11
5.413479999999999563e+02 2.692320000000000066e-09 9.224339999999999447e-12
6.823150000000000546e+02 1.521000000000000021e-09 5.955219999999999741e-12
8.599900000000000091e+02 8.731889999999999508e-10 3.840430000000000025e-12
1.083930000000000064e+03 5.069780000000000250e-10 2.797129999999999816e-12
1.366190000000000055e+03 2.816589999999999783e-10 1.599509999999999916e-12
1.721940000000000055e+03 1.491369999999999886e-10 1.179750000000000097e-12
2.170340000000000146e+03 8.912679999999999460e-11 6.451400000000000157e-13
2.735489999999999782e+03 5.582619999999999976e-11 5.678550000000000073e-13
3.447809999999999945e+03 3.245880000000000221e-11 2.812720000000000156e-13
4.345619999999999891e+03 1.874590000000000154e-11 2.509979999999999974e-13
5.477229999999999563e+03 1.140439999999999935e-11 1.259999999999999932e-13
6.903500000000000000e+03 6.887879999999999929e-12 1.168550000000000105e-13
8.701170000000000073e+03 4.153699999999999961e-12 6.105409999999999629e-14
1.096700000000000000e+04 2.499650000000000158e-12 5.178429999999999701e-14
1.382270000000000073e+04 1.451149999999999931e-12 2.627929999999999928e-14
1.742220000000000073e+04 8.510770000000000297e-13 2.307189999999999848e-14
2.195890000000000146e+04 4.873580000000000121e-13 1.125790000000000017e-14
2.767700000000000000e+04 2.802379999999999818e-13 9.019849999999999237e-15
3.488409999999999854e+04 1.599750000000000075e-13 5.520400000000000325e-15
4.396800000000000000e+04 9.018560000000000196e-14 3.345609999999999946e-15
5.541719999999999709e+04 5.223410000000000207e-14 2.926559999999999971e-15
6.984789999999999418e+04 2.557169999999999859e-14 1.379730000000000038e-15
8.803630000000000291e+04 1.285249999999999970e-14 1.123049999999999977e-15
1.109610000000000000e+05 6.708320000000000112e-15 5.936769999999999634e-16
1.398550000000000000e+05 3.539990000000000159e-15 3.952509999999999809e-16
1.762730000000000000e+05 1.907140000000000063e-15 3.124290000000000129e-16
2.221750000000000000e+05 8.763680000000000441e-16 1.682880000000000093e-16
2.800290000000000000e+05 3.848699999999999805e-16 1.156610000000000073e-16
3.529490000000000000e+05 1.706069999999999982e-16 7.654810000000000331e-17
4.448570000000000000e+05 7.548149999999999699e-17 4.590629999999999739e-17
5.606980000000000000e+05 3.340860000000000264e-17 2.579210000000000006e-17
7.067040000000000000e+05 1.478559999999999935e-17 1.386789999999999999e-17
8.907290000000000000e+05 6.543769999999999809e-18 7.230709999999999329e-18
1.000000000000000000e+06 4.353326110573831316e-18 0.000000000000000000e+00
2.000000000000000000e+06 3.789037141598028263e-19 0.000000000000000000e+00
3.000000000000000000e+06 9.084428354626930640e-20 0.000000000000000000e+00
